== Ejercicio 2 ==

== Sin Errores ==

 38 143  61 255  40 145  63 255 222  77  77 255 224  79  79 255  53 101 236 255 
224  79  79 255  53 101 236 255  55 103 238 255 187 181  20 255 189 183  22 255 
187 181  20 255 189 183  22 255  17 115 228 255  19 117 230 255 239  95 138 255 
 19 117 230 255 239  95 138 255 241  97 140 255  11  75 127 255  13  77 129 255 
 11  75 127 255  13  77 129 255  98 133 107 255 100 135 109 255   9  52  69 255 
100 135 109 255   9  52  69 255  11  54  71 255  29  97 200 255  31  99 202 255 
 29  97 200 255  31  99 202 255   8 146  31 255  10 148  33 255 107 131  67 255 
 10 148  33 255 107 131  67 255 109 133  69 255 224 123 187 255 226 125 189 255 
224 123 187 255 226 125 189 255 119 125 113 255 121 127 115 255 168  96  56 255 
121 127 115 255 168  96  56 255 170  98  58 255  47 135  53 255  49 137  55 255 
 47 135  53 255  49 137  55 255  44 118   9 255  46 120  11 255 163 159 198 255 
 46 120  11 255 163 159 198 255 165 161 200 255 254 128 233 255   0 130 235 255 

== Random ==

166 182  45 255 196 212  75 255 155 165  65 255 122 132  32 255 139 189  96 255 
122 132  32 255 139 189  96 255  92 142  49 255 122 139 252 255 131 148   4 255 
122 139 252 255 131 148   4 255 130 151 236 255 131 152 237 255 174 223 136 255 
131 152 237 255 174 223 136 255 104 153  66 255 142 157  24 255 103 118 242 255 
142 157  24 255 103 118 242 255 143 178 180 255 146 181 183 255 184 214 245 255 
146 181 183 255 184 214 245 255  82 112 143 255 165 175  75 255 105 115  15 255 
165 175  75 255 105 115  15 255  83 125  82 255  95 137  94 255  91 123 143 255 
 95 137  94 255  91 123 143 255 139 171 191 255 121 167 101 255 117 163  97 255 
121 167 101 255 117 163  97 255  82 111 150 255  86 115 154 255  81  92 243 255 
 86 115 154 255  81  92 243 255 129 140  34 255 165 209 153 255 196 240 184 255 
165 209 153 255 196 240 184 255 175 201   2 255 202 228  29 255 193 210  63 255 
202 228  29 255 193 210  63 255 117 134 244 255 152 196 142 255 173 217 163 255 

== Con Errores==

127 255   0 255 127 255   0 255 127 255   0 255 127 255   0 255 127 255   0 255 
127 255   0 255 127 255   0 255 127 255   0 255  29 131  16 255  27 129  14 255 
 29 131  16 255  27 129  14 255 243 132 224 255 241 130 222 255 165 133 134 255 
241 130 222 255 165 133 134 255 163 131 132 255 155 133 123 255 153 131 121 255 
155 133 123 255 153 131 121 255 104 130 104 255 102 128 102 255 105 134  66 255 
102 128 102 255 105 134  66 255 103 132  64 255 219 132 197 255 217 130 195 255 
219 132 197 255 217 130 195 255  38 131  27 255  36 129  25 255 103 134  63 255 
 36 129  25 255 103 134  63 255 101 132  61 255 207 133 183 255 205 131 181 255 
207 133 183 255 205 131 181 255 109 130 109 255 107 128 107 255  94 134  52 255 
107 128 107 255  94 134  52 255  92 132  50 255  57 131  49 255  55 129  47 255 
 57 131  49 255  55 129  47 255  19 131   6 255  17 129   4 255 217 132 194 255 
 17 129   4 255 217 132 194 255 215 130 192 255 248 132 230 255 246 130 228 255 
